# Created by Octave 5.1.0, Thu May 23 18:33:12 2019 GMT <unknown@DESKTOP-K8DSHR3>
# name: iterSor
# type: scalar
178


