# Created by Octave 5.1.0, Thu May 23 18:12:58 2019 GMT <unknown@DESKTOP-K8DSHR3>
# name: iterJacobi
# type: scalar
7184


