# Created by Octave 5.1.0, Thu May 23 18:33:12 2019 GMT <unknown@DESKTOP-K8DSHR3>
# name: resSor
# type: matrix
# rows: 1
# columns: 178
 0.40439766458926429 0.10668984668311957 0.0074928146687538652 0.0016497328758756811 0.00090595516561079467 0.00066008439307316258 0.00036894290956362996 0.00019190688963882879 0.00011793913516953745 0.00011384792403002969 0.00010991434236098391 0.0001061628451872088 0.00010259850432010411 9.9217535553660713e-05 9.6012308301300953e-05 9.297372176981852e-05 9.0092320905661531e-05 8.7358809108082941e-05 8.4764273028138987e-05 8.2300270562957152e-05 7.9958854433294268e-05 7.7732566013592652e-05 7.5614415995239488e-05 7.3597859782357066e-05 7.1676771351824911e-05 6.9845417308992612e-05 6.8098431912258452e-05 6.6430793381967504e-05 6.4837801592372424e-05 6.3315057144252058e-05 6.1858441770323925e-05 6.0464100006662005e-05 5.9128422056980016e-05 5.7848027776385466e-05 5.6619751703396734e-05 5.5440629072553466e-05 5.4307882743796022e-05 5.321891098863875e-05 5.2171276077043719e-05 5.11626936124296e-05 5.0191022565750092e-05 4.9254255962722507e-05 4.8350512181316378e-05 4.7478026819466402e-05 4.6635145095504889e-05 4.5820314746380534e-05 4.5032079390963908e-05 4.426907232788025e-05 4.3530010739372795e-05 4.2813690274515835e-05 4.2118979986854313e-05 4.1444817603256878e-05 4.079020510218195e-05 4.0154204581064981e-05 3.9535934393873155e-05 3.8934565541051364e-05 3.8349318295332279e-05 3.777945904790174e-05 3.7224297360495095e-05 3.6683183209862924e-05 3.6155504412030599e-05 3.564068421453898e-05 3.5138179045624248e-05 3.4647476410089949e-05 3.4168092922205963e-05 3.369957246666554e-05 3.3241484479219935e-05 3.2793422339111813e-05 3.23550018659925e-05 3.1925859914494649e-05 3.1505653060027467e-05 3.1094056369831197e-05 3.0690762253712738e-05 3.029547938923573e-05 2.9907931716473993e-05 2.9527857497811761e-05 2.9155008438484701e-05 2.8789148863920538e-05 2.8430054950161697e-05 2.8077514003857823e-05 2.7731323788641694e-05 2.7391291894818272e-05 2.7057235149540927e-05 2.6728979064843052e-05 2.6406357321029672e-05 2.6089211283142803e-05 2.5777389548325448e-05 2.5470747522072147e-05 2.5169147021475315e-05 2.4872455903731032e-05 2.4580547718214335e-05 2.4293301380633441e-05 2.401060086779711e-05 2.3732334931652392e-05 2.3458396831361145e-05 2.3188684082223189e-05 2.2923098220348942e-05 2.266154458207333e-05 2.2403932097148667e-05 2.2150173094805789e-05 2.1900183121882702e-05 2.1653880772203703e-05 2.1411187526506763e-05 2.1172027602226748e-05 2.0936327812490068e-05 2.0704017433740216e-05 2.0475028081430942e-05 2.0249293593268463e-05 2.0026749919509589e-05 1.9807335019868278e-05 1.9590988766621934e-05 1.9377652853477534e-05 1.9167270709876636e-05 1.8959787420361197e-05 1.8755149648681782e-05 1.8553305566353907e-05 1.8354204785375443e-05 1.8157798294828722e-05 1.7964038401151345e-05 1.7772878671797365e-05 1.758427388212333e-05 1.7398179965258399e-05 1.7214553964784453e-05 1.7033353990063459e-05 1.6854539174011084e-05 1.6678069633205728e-05 1.6503906430150306e-05 1.6332011537572596e-05 1.616234780464516e-05 1.5994878924972021e-05 1.5829569406280936e-05 1.5666384541668282e-05 1.5505290382339808e-05 1.5346253711733333e-05 1.5189242020944218e-05 1.5034223485383964e-05 1.4881166942579324e-05 1.4730041871068361e-05 1.4580818370293082e-05 1.4433467141468768e-05 1.4287959469345209e-05 1.414426720481095e-05 1.4002362748294199e-05 1.3862219033931282e-05 1.3723809514412415e-05 1.3587108146521366e-05 1.3452089377284646e-05 1.3318728130721045e-05 1.3186999795147131e-05 1.3056880211009552e-05 1.2928345659218925e-05 1.2801372849939428e-05 1.2675938911848336e-05 1.255202138178341e-05 1.2429598194815059e-05 1.2308647674678085e-05 1.2189148524561178e-05 1.2071079818242626e-05 1.1954420991525323e-05 1.1839151834007059e-05 1.1725252481094112e-05 1.1612703406332541e-05 1.1501485413962759e-05 1.1391579631744122e-05 1.1282967503999406e-05 1.1175630784882627e-05 1.1069551531873251e-05 1.0964712099452877e-05 1.0861095132982441e-05 1.0758683562771774e-05 1.0657460598305549e-05 1.0557409722657265e-05 1.0458514687043755e-05 1.0360759505548569e-05 1.0264128449979994e-05 1.0168606044876999e-05 1.007417706264151e-05 9.9808265188102608e-06


