# Created by Octave 5.1.0, Thu May 23 18:12:58 2019 GMT <unknown@DESKTOP-K8DSHR3>
# name: xJacobi
# type: matrix
# rows: 48
# columns: 1
 -7.2575033030853378e+298
 4.1921651741196726e+299
 -1.3017607942260301e+300
 2.6770518735230879e+297
 2.5280641659045699e+298
 3.0689094547905486e+298
 -1.4254784346106191e+299
 9.2425395220807498e+299
 1.3141703568030823e+300
 3.9887445241375344e+296
 -3.0628484873654682e+298
 5.2964783081421081e+298
 1.883920268979507e+299
 -8.9305045099184128e+300
 -9.7067029907959094e+300
 -1.9310241704127169e+298
 -3.1669687344863637e+298
 5.5145968129181227e+298
 1.2537786391366364e+299
 -4.2509698249507387e+300
 8.5658823051009505e+300
 -1.5716013153835101e+298
 2.5058369855737067e+298
 3.251957287409026e+298
 -1.989871833988093e+300
 -1.7842885268085791e+299
 -5.0907720207474893e+299
 8.5038017484137057e+296
 -2.1358780311018353e+298
 3.845805196139307e+297
 -6.4063042731525915e+297
 -4.9146219616833903e+299
 5.9243966246566398e+299
 -2.0085185892230524e+297
 -3.7222276893978472e+298
 -1.5990818192520817e+298
 -8.2515189711531948e+296
 3.8423049573885845e+300
 -8.2429970065177469e+300
 6.105153275668901e+297
 -3.9042736694650457e+298
 -1.5716894346166624e+298
 -3.3440612139971853e+300
 4.6454545274583229e+300
 9.356085474103237e+300
 -1.9223059865000028e+298
 -2.8306332970670451e+298
 1.4711471534920654e+298


