# Created by Octave 5.1.0, Thu May 23 18:31:08 2019 GMT <unknown@DESKTOP-K8DSHR3>
# name: xSeidel
# type: matrix
# rows: 48
# columns: 1
 3.5543517141986265
 0.99806388793817924
 -0.74910819454012501
 0.99911558017201185
 0.9960458613410923
 0.9993846028712402
 0.6623277717110686
 1.0069113964557452
 -0.7425684403229349
 0.99911980751064977
 0.99600110570871458
 1.0001111423458708
 0.66395288982468903
 1.0095185438624501
 0.50554390730019638
 1.0000970805766773
 0.99615744541129114
 1.0000435756168946
 3.5503903239476697
 0.9896760943797277
 0.50674892167526542
 0.99994877822726735
 0.99597961507970711
 0.99936681783751147
 2.3577650600229045
 0.99610521185192291
 -0.056300096678388152
 0.9979913362747358
 0.99696642939251734
 0.98840772234555507
 0.7659429732636287
 1.0051922863277498
 -0.052520134908409934
 0.99800401943146944
 0.99811745580865474
 1.0002545843062669
 0.76671074682880813
 1.0063773288066968
 0.51750756594415825
 0.99928240510824984
 0.99836799915072594
 1.000258469721518
 2.3605109689496393
 0.99376439541270745
 0.51651330393033723
 0.99960114046903514
 0.99594724195268702
 0.98869188525998708


