# Created by Octave 5.1.0, Thu May 23 16:41:29 2019 GMT <unknown@DESKTOP-K8DSHR3>
# name: iterSeidel
# type: scalar
83


