# Created by Octave 5.1.0, Thu May 23 16:44:40 2019 GMT <unknown@DESKTOP-K8DSHR3>
# name: iterSor
# type: scalar
83


