# Created by Octave 5.1.0, Thu May 23 16:33:41 2019 GMT <unknown@DESKTOP-K8DSHR3>
# name: xJacobi
# type: matrix
# rows: 183
# columns: 1
 3360351.3006724971
 -3465382.823648857
 844.70108011166519
 -576.65096026353854
 465.93547102245964
 617.47549514388743
 1003.1994380292242
 691.88070912099909
 356.88670442232382
 562.04451678564703
 858.86627205070181
 3564.440130346668
 3483.800056990382
 219.01954647300639
 1231.9131505109094
 782.80217574474557
 1644.4797451505392
 723.18983360721472
 446.72254837413118
 -808.0933993647626
 -9969.7851623160877
 -3482.0072030454317
 -2023.1642847650498
 -791.21701501719087
 11.28114436495866
 -2022.2853762830855
 -2608.3171868806071
 30.586266497789349
 68.266180698069761
 49.134521125735809
 1.051744018231064
 257.30993970478647
 350.50355705024657
 744.59742804465179
 331.13490209952823
 353.30375598518066
 450.05118911447579
 142.66510206738934
 184.27301396454544
 178.72737855991755
 -422.92156777773403
 -1892364.0820860155
 -20.450860828111992
 9913.9744238874882
 -30372.779954436297
 -608.52111542198361
 0.37982516516549319
 -1809.5234805951106
 -8.6804602099706436
 -4.3352664891758259
 0.53492218592740981
 -535.83741483115602
 -1849.264774279121
 0.99071024584937717
 0.78781042646860377
 -19.346307021400598
 -0.61119067512567882
 -6770.7558722021759
 -4.7556891277112321
 -0.0091545809966178063
 0.33216318501040748
 -0.16383844836861983
 -1049.0301671936336
 -5.6745235862504284
 0.85160907725935475
 -163.24884022006546
 -2062.5459411352654
 -26.475113293635768
 0.99867798071308111
 -5.2223521414495728
 0.85163691456750457
 -16579.456509950469
 -19.788091554075979
 -0.12768352247161885
 -43.107729428874414
 0.90621873933346508
 -93.25891693352925
 -1.719968095575285
 -127.770798895447
 0.44424642346943516
 -2.1482267875461662
 -0.649687359213723
 -45.982988288583485
 0.99703683586574787
 -1.6640928134700714
 -265.43703146952879
 0.81246603781369198
 -4.9383916250914393
 -138.58498338810912
 0.93933549337869215
 0.037775636930087786
 0.53122637004979179
 -1.8581140218974193
 -2.8969576705700204
 -80.362842788924567
 0.97033067151401209
 -22.797918077921739
 -38.606433774880067
 0.96029925723027587
 -30.807564322875663
 -240.79536163229827
 -328.70359113547306
 -10.488329707567098
 -11903.239177395682
 -2.9691281455823315
 -7388.66205083962
 -3.2404815800066564
 -128.68808954324533
 0.57891427947086294
 1.4695888278994411
 103.20913099291046
 -17.10226578996911
 -13499.25214918981
 -3.6786993078895156
 -5.7831806085413788
 -2.7107189611794138
 -380.25382291565256
 0.7498900793423634
 1.2471060527341165
 56.266727629828232
 -78.055184935336527
 -6.9727201509149888
 -3.9299869788580466
 -1358.105500941534
 -1.416093036328294
 -0.94688400597453115
 -2.8393289813438338
 -7.1175321113250707
 0.61108439155875316
 -2.580545691996488
 -3.9062376119281783
 -0.5590763072673971
 -1.0274407957963569
 25.396665337400741
 19.887894007188912
 0.75016014112685636
 -2.266075336804569
 0.9999989442839442
 0.99999999103094739
 -4.1603767712978126
 -230.81806393766038
 0.99976475601243142
 0.99999964109148798
 0.99662697126367406
 -1151.6174252995099
 43.407334737386201
 -4347.3187702791156
 -18877.040348944538
 -19.365161918922684
 -2.3856109939740868
 0.52589494017034311
 0.71922648835539094
 0.99101340107025404
 0.92424280248661572
 0.89887755475101605
 0.16438906786384277
 0.51717334403175785
 0.99999553505837191
 0.9303906391013621
 0.99757175359848915
 0.99972045678601873
 0.96671693884522891
 0.98964208751709126
 0.9964597762979982
 0.9993739425152649
 0.99203239696492362
 0.99593922526354939
 0.9315054661843013
 0.99757772839465531
 0.98626347792996361
 0.99280350710030385
 0.99930050750522081
 0.99979495353286374
 0.99580522842567154
 0.99795803665481175
 0.98753391259792744
 0.99897796866363342
 0.99986711824977181
 0.99955811122476934
 0.99995838173990026
 0.99988648298979532
 0.99961570671061983
 0.99997068608649353


