# Created by Octave 5.1.0, Thu May 23 16:40:59 2019 GMT <unknown@DESKTOP-K8DSHR3>
# name: iterJacobi
# type: scalar
127


