# Created by Octave 5.1.0, Thu May 23 16:38:00 2019 GMT <unknown@DESKTOP-K8DSHR3>
# name: resJacobi
# type: matrix
# rows: 1
# columns: 127
 1.0339753120362873 1.0199548042675024 1.7532809282588535 2.1381383094090411 2.2766005866148529 2.12505372634191 1.8405271952485733 1.5001539982718213 1.1257737629177964 0.73084786619463837 0.44686753638447874 0.45867765953109269 0.68919673787229818 0.85390798841988869 0.8606190302596558 0.81964076322083013 0.66570181399963801 0.54414050519584023 0.41255362355086916 0.23967207226337314 0.14952634177172053 0.18946967308116033 0.29405743185644961 0.32524758306813217 0.3416376636321477 0.29851098382969099 0.25338390114091863 0.20664100630268442 0.14066985276797681 0.085836030002911221 0.068597834009074543 0.088873785789809187 0.11265717172932775 0.13340272654679902 0.12532737496661997 0.11684033227921675 0.095301808188571355 0.071824937971371294 0.053048966057066049 0.029295884666450871 0.020652773684452959 0.034210400501186372 0.048368531692211086 0.049156285242414575 0.050380080990032203 0.041146167318656536 0.03414508414334072 0.028012563683173387 0.016749878417618751 0.0094395334401796323 0.010421768156145681 0.015890928292671518 0.017822722472667526 0.020407445250462775 0.017882209435344579 0.016390733797710281 0.013442299581274698 0.0091709404855342385 0.0066255858715772954 0.0046052275419276147 0.0044452405697121443 0.0058036649517161087 0.0077384233602559756 0.0072566529035995881 0.0073217872879361981 0.0060052916689005186 0.0045253936971308617 0.0037316085624231315 0.0019387677935387791 0.00099414226954824218 0.0015863150322856807 0.0027140345916791806 0.0027351631949783664 0.0030745103759822951 0.0025219997327400579 0.0022740526787392245 0.0018717951928668285 0.0011172040506495274 0.00080077091629260171 0.00072481955015197479 0.00085387047996018472 0.0009390957164154023 0.001216598190257793 0.0010449069045649476 0.001055286923953567 0.00086755037808185123 0.00059199490500682283 0.00048923731968279012 0.00031654281040706926 0.00022050302494363343 0.00027887614931851128 0.00045057248757967747 0.00040763095290219625 0.00045948391300034249 0.00037739547791216361 0.00031300011938010223 0.00025807279340464128 0.00013306707334331287 9.3368496343008311e-05 0.00011531866853374087 0.00015366045566483295 0.00014597988318703232 0.00018884733460464468 0.00015499908330704842 0.00015107158992251412 0.00012438392664854324 7.6440906138778371e-05 6.3364939078511213e-05 5.2108051760382665e-05 4.641802484827419e-05 4.6256762870756311e-05 7.3228571625897411e-05 6.0071238944421156e-05 6.816142073922429e-05 5.6067333811994258e-05 4.283690272198946e-05 3.5397419836260544e-05 2.276082441539318e-05 1.11083325366572e-05 1.8716462354470656e-05 2.6602115987140713e-05 2.183527130870964e-05 2.9055963339449914e-05 2.3885593466610445e-05 2.156203101273246e-05 1.7786352446494314e-05 9.820278939986622e-06


