# Created by Octave 5.1.0, Thu May 23 16:44:40 2019 GMT <unknown@DESKTOP-K8DSHR3>
# name: resSor
# type: matrix
# rows: 1
# columns: 83
 1.0339766992372792 1.1464254205065849 0.35704871606816002 0.20806804182048891 0.13876949733526747 0.093561282236916177 0.068979618880642593 0.056320097565946144 0.051607614264176434 0.047476117405673292 0.043707209805171517 0.040173884434836195 0.036814245866902934 0.033631273561729541 0.030625100298111038 0.027805554006792563 0.025176996727882359 0.022741315845426671 0.020496353525643642 0.018436992499474277 0.016555724522791405 0.014843383913063987 0.013289747158456126 0.011884021562791721 0.010615228802489558 0.0094724904474379531 0.008445236110102939 0.0075233474474369179 0.006697252630489133 0.00595798235771127 0.005297196898750728 0.0047071916204435424 0.0041808869258233581 0.0037118072258043003 0.0032940525140517322 0.002922265273786662 0.0025915947765365824 0.002297660306713775 0.0020365144337998633 0.0018046071338183114 0.0015987513146449148 0.0014160901105695599 0.0012540661680883914 0.0011103930373924928 0.00098302870460838915 0.00087015124228626744 0.00077013651498592005 0.00068153784915639122 0.00060306755876382329 0.00053358020783985055 0.00047205748642576957 0.00041759457576736301 0.00036938788093652489 0.00032672401341766251 0.00028896991192743854 0.00025556399631294512 0.00022600825641795394 0.00019986118500543455 0.00017673147101381989 0.00015627237640276399 0.00013817672654318561 0.00012217245046597567 0.00010801861321250488 9.5501888087348079e-05 8.4433421717366712e-05 7.4646049533212672e-05 6.5991823588869533e-05 5.8339818557782555e-05 5.1574185311687258e-05 4.5592424708309374e-05 4.0303857131727468e-05 3.5628265955282264e-05 3.1494695461491591e-05 2.784038586560543e-05 2.4609830006800199e-05 2.1753937955213583e-05 1.9229297319188297e-05 1.6997518390315225e-05 1.5024654476245782e-05 1.3280688855952499e-05 1.1739080755599558e-05 1.0376363591865288e-05 9.1717895091865234e-06


