# Created by Octave 5.1.0, Thu May 23 16:36:28 2019 GMT <unknown@DESKTOP-K8DSHR3>
# name: xSeidel
# type: matrix
# rows: 183
# columns: 1
 1951318.5040376855
 -5122383.1572915651
 -2316.6049782497198
 -573.59124993333057
 -1389.1465251019697
 -1843.5231269246772
 -2995.3849882900377
 -2066.2299942189152
 -1063.4885839776748
 -1676.5103945540964
 -2564.0007182090335
 -6057.6079568432451
 -3622.2425396862882
 -650.87350465483496
 -3679.4024333140155
 -2336.5707935095711
 -4912.967204464223
 -2158.3312410541839
 -1331.7003216581018
 38475.375848142474
 19777.45352196151
 4178.9550552174624
 926.52838423006483
 659.00677735386489
 163.56054763083398
 3368.0740145300092
 2190.5386771153644
 448.19190871081076
 906.45438903361389
 864.86651079601313
 0.74915070471617828
 -765.36091293729692
 -1044.0077174703408
 -2222.3394634265264
 -986.09587797049005
 -1052.380248846431
 -1341.6528820603587
 -422.57544571531264
 -546.98215964784958
 -530.40083542607704
 491.5797016989024
 -2170154.140011461
 3.5744387398292243
 38436.252796705965
 -19282.118375877431
 -317.02204591778104
 1.0445624029912872
 910.62737038516423
 3.4097161642887852
 2.0099991967172461
 9.1363685165685879
 2338.7157506499843
 1970.1435589297419
 1.0008515532404527
 1.0223020419172715
 8.8145745179561192
 3.1653363855746264
 -3062.4435036024206
 3.0728832470996252
 1.3040474718119719
 1.2647728347045675
 2.4493985021454727
 -436.76516171014305
 3.4548325464343836
 1.238877017275684
 -51.099787411155482
 1084.7278351637856
 11.305284404667647
 0.99848996845772642
 3.0531156112021827
 1.056455475313034
 8747.6872298001163
 8.8276973543143136
 1.4154531614523369
 27.040129818398686
 1.1394720526693769
 -29.480376322621183
 2.0200046872919484
 65.972403419469927
 1.2069717486361304
 2.1796033427901871
 1.6173885484815478
 24.666177739561245
 1.0033713461933542
 -0.33954585332235587
 135.32088167043366
 1.0723383317917896
 64.053645270342798
 71.35862506299938
 1.022845929909977
 1.3596137623848932
 1.174409214676474
 2.0711891298969243
 2.4610934408623319
 42.011597686743386
 1.0374594482723611
 -6.5676263028350883
 20.951661390892674
 1.0499720599433091
 -9.1213137622186444
 122.92608977087144
 167.26279776213602
 5.2976308499621663
 5245.4734511938332
 2.817737340034665
 3769.8829062825707
 1.7935535381597409
 -34.989252989670184
 1.5078635885736913
 2.3447295987138559
 210.65262643590273
 7.6611673272470622
 5785.1555233996687
 3.1228467764224299
 3.5186624033598886
 1.6835227797336818
 468.57726420317994
 1.2961385094490281
 1.772003888174472
 122.25034380867883
 -26.767592520484381
 3.9578378657399429
 2.8412826269494409
 684.96244466683493
 1.9072788971735373
 1.696693833765871
 2.3937694877105371
 3.8756368719071617
 1.1420350328561433
 2.231060780555568
 2.7426790175810893
 1.5678590230747287
 1.755121160186347
 256.2193807703153
 100.67522716412854
 0.52491919802948972
 3.4680302874261613
 1.0000024430780188
 0.99999998988254468
 -5.3971340836954544
 -247.41138320055819
 1.0006240264127353
 1.0000000475965389
 1.0026067497374025
 -314.36744700840529
 -29.322778750512217
 -8376.4479977377414
 -21294.195292906796
 -9.0202709743684739
 -0.43189372949609933
 0.82958589347155709
 0.90030120359842369
 0.99561845602274113
 0.9752469186724041
 0.96689401766516214
 0.88228212248813254
 0.90917449561776975
 1.0000081408242101
 1.0408833226194187
 1.001244620783424
 1.000139619899421
 1.0177128745345285
 1.0052206305416631
 1.0019220796046056
 1.0003209555964689
 1.0040108025637897
 1.0023973814703104
 1.0345594864367365
 1.0012201413561945
 1.006925092195708
 1.0036274327509029
 1.0003806661958086
 1.0001162728287849
 1.0021144076149344
 1.0010286345118795
 1.0062860621687788
 1.0005153893529162
 1.0003570284772767
 1.0004029343441168
 1.0000985236697064
 1.0003107453408435
 1.0003507055105649
 1.0000607816076752


